1 16 470,2861570247934 169,90195400789923
1 32 815,3601462522852 255,19041964168963
1 64 1234,4931506849316 368,80982186718575
1 125 1607,8936170212767 457,0173642266388
1 250 1966,5418502202642 523,4124515902802
1 500 2310,544041450777 643,7396191543583
1 1000 2446,0662983425414 690,8257426379113
1 1250 2363,0756756756755 810,5050389449233
2 16 755,955 320,22827256909665
2 32 1390,373417721519 499,34609919694253
2 64 2116,1428571428573 638,1543502237535
2 125 2648,1169590643276 750,8758323796784
2 250 2965,53164556962 866,4479260442139
2 500 2914,496732026144 986,2739298956866
2 1000 2760,748427672956 1071,692415067558
2 1250 3006,472972972973 1180,3051919750867
3 16 814,7209302325581 366,1407285342703
3 32 1621,8741007194244 594,6614198926605
3 64 2460,5675675675675 763,7295126598409
3 125 2923,2967741935486 910,736815834739
3 250 3039,874125874126 1037,303151983328
3 500 3128,387323943662 1163,5943996644091
3 1000 3032,655172413793 1099,5420093239727
3 1250 3070,068493150685 1191,5119902302877
4 16 842,0664206642066 371,25190517471054
4 32 1611,8804347826087 594,6164143358544
4 64 2489,6277777777777 796,1447962866126
4 125 3000,4791666666665 1019,2853177611736
4 250 3030,5374149659865 1068,4768846552493
4 500 3002,731543624161 1138,0530650174333
4 1000 3064,303448275862 1254,0390816839817
4 1250 2984,441379310345 1304,3708938915408
5 16 809,0461811722913 360,26707866562833
5 32 1600,2418772563176 586,4575512339846
5 64 2525,0625 828,4446435942476
5 125 2958,5562913907283 931,1306935531775
5 250 3030,3 936,3275093139081
5 500 3054,719178082192 1093,3398988367182
5 1000 3077,1027397260273 1222,7294438345828
5 1250 3061,1849315068494 1479,3458759657567
6 16 838,9757009345794 374,50799355443013
6 32 1636,3125 614,2235924649838
6 64 2541,44 797,434857066311
6 125 2859,2830188679245 946,7351903564075
6 250 2997,099337748344 953,6701928512246
6 500 3009,34 932,323321729973
6 1000 3098,795918367347 1157,885359614942
6 1250 3068,354609929078 1471,81293034306
7 16 811,7401433691756 370,4364918198431
7 32 1584,596551724138 604,3004586120431
7 64 2418,32972972973 748,4131215244929
7 125 2852,303225806452 955,8350016159703
7 250 2899,9299363057326 971,0452609975321
7 500 3003,1073825503354 1093,255299805694
7 1000 3064,5244755244757 1282,5958483919333
7 1250 3046,7972027972028 1268,0310930532685
8 16 808,329203539823 370,7675735019646
8 32 1602,3591549295775 604,768972524141
8 64 2533,090909090909 786,653986543928
8 125 2712,5739644970413 820,2033913168377
8 250 2872,766666666667 933,8015929461752
8 500 3061,858108108108 981,9230265503838
8 1000 3031,778523489933 1218,1331909471126
8 1250 3135,2430555555557 1393,0977066348066
9 16 828,5300546448087 373,58569003569926
9 32 1657,7226277372263 584,814685026895
9 64 2455,037634408602 745,3346672090082
9 125 2668,46783625731 818,6067380656399
9 250 2880,5732484076434 915,4353889439969
9 500 3004,8972602739727 1112,8386302415815
9 1000 3048,885135135135 1222,1987408873044
9 1250 3080,5985915492956 1321,0398228725066
10 16 367,2469252601703 186936,70314339487
10 32 1652,1818181818182 582,1417130912109
10 64 2418,9890710382515 755,9240541906821
10 125 2671,453488372093 787,9550059434034
10 250 2917,6315789473683 912,6524743097536
10 500 2974,2266666666665 1021,1918825710881
10 1000 3038,125874125874 1369,0534916201648
10 1250 3064,465277777778 1525,8315394884928
11 16 811,2730560578661 362,55923496173995
11 32 1629,0604982206405 590,1512154026115
11 64 2368,2925531914893 723,3677658356992
11 125 2673,0 841,0279129199928
11 250 2834,551948051948 909,6884551971933
11 500 2955,2953020134228 1048,3450117012342
11 1000 2973,6184210526317 1240,4227752586098
11 1250 3041,5833333333335 1397,3970382527232
12 16 807,7775768535262 368,98152923497605
12 32 1616,8900709219859 607,4365763421616
12 64 2385,7842105263157 769,9717652785023
12 125 2594,6685714285713 770,0533149819006
12 250 2823,1688311688313 916,4513886618996
12 500 2970,3288590604025 1133,5228001316445
12 1000 2964,7364864864867 1385,5086708595609
12 1250 3054,4625850340135 1448,2604694215618
13 16 822,1989150090416 368,5412049980699
13 32 1565,5429553264605 599,940606868019
13 64 2412,2872340425533 740,4074196021635
13 125 2524,0514285714285 794,9508715288632
13 250 2736,3024691358023 914,7976193353869
13 500 2902,6490066225165 1070,009309608569
13 1000 3047,0340136054424 1239,662693931523
13 1250 3014,78 1283,6732940167494
14 16 812,4831261101243 367,95134626755106
14 32 1576,2062937062938 590,6318080938244
14 64 2290,0353535353534 754,3764855776683
14 125 2527,9540229885056 824,6783981053712
14 250 2762,21875 893,6051332873045
14 500 2919,0 1107,1301934759626
14 1000 2914,4539473684213 1288,3016791140792
14 1250 2959,9241379310347 1384,4985257543947
15 16 778,7243150684932 358,8101181445306
15 32 1538,2752613240418 589,9851996909664
15 64 2361,3821989528797 788,1371210494984
15 125 2498,912087912088 813,8043006414858
15 250 2741,561728395062 911,7900552548215
15 500 2878,6075949367087 1111,332051117054
15 1000 2907,5753424657532 1429,8800858119557
15 1250 2921,417218543046 1268,6374914719381
16 16 789,5824742268042 361,59401246041665
16 32 1621,7545787545787 580,6940147889235
16 64 2335,0102564102563 750,9322933345019
16 125 2494,6592178770948 838,1175342352905
16 250 2755,68125 909,127768949534
16 500 2896,575163398693 1035,2765819920735
16 1000 2941,8940397350993 1227,4278316996504
16 1250 2964,360544217687 1244,434574500966
